HipCenterAvg = 2.07266666666666 
SpineAvg = 1.98666666666665 
ShoulderCenterAvg = 2.15399999999999 
HeadAvg = 2.21133333333333 
ShoulderLeftAvg = 2.15533333333333 
ElbowLeftAvg = 3.63333333333333 
WristLeftAvg = 4.10533333333333 
HandLeftAvg = 5.62933333333333 
ShoulderRightAvg = 2.68633333333333 
ElbowRightAvg = 4.19166666666666 
WristRightAvg = 4.61833333333333 
HandRightAvg = 4.61833333333333 
HipLeftAvg = 2.49633333333333 
KneeLeftAvg = 3.29733333333333 
AnckleLeftAvg = 3.06266666666666 
FootLeftAvg = 3.48566666666666 
HipRightAvg = 2.33833333333334 
KneeRightAvg = 3.278 
AnckleRightAvg = 4.42466666666667 
FootRightAvg = 4.10333333333333
