HipCenterAvg = 11.9686666666667 
SpineAvg = 11.3406666666667 
ShoulderCenterAvg = 9.63833333333334 
HeadAvg = 10.5486666666667 
ShoulderLeftAvg = 9.28366666666666 
ElbowLeftAvg = 8.39166666666667 
WristLeftAvg = 8.76266666666667 
HandLeftAvg = 8.77766666666666 
ShoulderRightAvg = 10.7943333333333 
ElbowRightAvg = 13.222 
WristRightAvg = 12.1873333333333 
HandRightAvg = 12.1873333333333 
HipLeftAvg = 12.0733333333333 
KneeLeftAvg = 12.9413333333333 
AnckleLeftAvg = 17.9573333333333 
FootLeftAvg = 17.0303333333333 
HipRightAvg = 12.8846666666667 
KneeRightAvg = 15.4043333333333 
AnckleRightAvg = 19.9233333333333 
FootRightAvg = 19.1106666666667
